C:\Users\dalto\AppData\Local\Programs\Python\Python38\python.exe C:/Users/dalto/PycharmProjects/FCNF-Solver/src/Driver.py
Loading r2000-1(50,50).txt from: C:\Users\dalto\PycharmProjects\FCNF-Solver\src\networks\r2000-1(50,50).txt
Start Time = 22:52:58
Generation= 0	Best Individual= 1615970.0	Full Cost List:
[1615970, 1616068, 1617961, 1618038, 1618175, 1618222, 1618794, 1620604, 1621255, 1622373, 1623189, 1623204, 1623782, 1624257, 1624431, 1624781, 1625515, 1625639, 1625718, 1626006, 1626245, 1626360, 1627059, 1627195, 1627431, 1627779, 1627793, 1627826, 1627939, 1628490, 1628529, 1628785, 1629432, 1629733, 1629960, 1630191, 1630293, 1630820, 1631269, 1631801, 1631871, 1632153, 1632300, 1632883, 1632952, 1634357, 1634666, 1635268, 1636574, 1645268]
Drawing r2000-1(50,50)-Alpha0_Cost=1615970_Target=2500.html...
Generation= 1	Best Individual= 1615970.0	Full Cost List:
[1615970, 1616068, 1617961, 1618038, 1618175, 1618222, 1618794, 1620604, 1621255, 1622373, 1623189, 1623204, 1623782, 1624257, 1624431, 1624781, 1625515, 1625639, 1625718, 1626006, 1626245, 1626360, 1627006, 1627059, 1627195, 1627431, 1627779, 1627793, 1627826, 1627939, 1628490, 1628529, 1628785, 1629432, 1629960, 1630191, 1630293, 1630820, 1631269, 1631801, 1631871, 1632883, 1632952, 1633883, 1634357, 1634666, 1635126, 1635268, 1636574, 1645268]
Drawing r2000-1(50,50)-Alpha1_Cost=1615970_Target=2500.html...
Generation= 2	Best Individual= 1615970.0	Full Cost List:
[1615970, 1616068, 1617961, 1618038, 1618175, 1618222, 1618794, 1620604, 1621255, 1622373, 1623189, 1623204, 1623782, 1624257, 1624431, 1624781, 1625515, 1625639, 1625718, 1626006, 1626245, 1626360, 1627006, 1627059, 1627195, 1627431, 1627779, 1627793, 1627826, 1627939, 1628490, 1628529, 1628785, 1629432, 1629960, 1630191, 1630293, 1630820, 1631269, 1631801, 1631871, 1632952, 1633883, 1634357, 1634666, 1635126, 1635268, 1636140, 1636574, 1645268]
Drawing r2000-1(50,50)-Alpha2_Cost=1615970_Target=2500.html...
Generation= 3	Best Individual= 1615970.0	Full Cost List:
[1615970, 1616068, 1617961, 1618038, 1618175, 1618222, 1618794, 1620604, 1621255, 1622373, 1623189, 1623204, 1623782, 1624257, 1624431, 1624781, 1625515, 1625639, 1625718, 1626006, 1626245, 1626360, 1627006, 1627059, 1627195, 1627431, 1627779, 1627793, 1627826, 1627939, 1628490, 1628529, 1628785, 1629432, 1629960, 1630191, 1630293, 1630820, 1631269, 1631801, 1631871, 1632952, 1633175, 1633883, 1634357, 1634666, 1635268, 1636140, 1636574, 1645268]
Drawing r2000-1(50,50)-Alpha3_Cost=1615970_Target=2500.html...
Generation= 4	Best Individual= 1615970.0	Full Cost List:
[1615970, 1616068, 1617961, 1618038, 1618175, 1618222, 1618794, 1620604, 1621255, 1623189, 1623204, 1623782, 1624257, 1624431, 1624781, 1625515, 1625639, 1625718, 1626006, 1626245, 1626360, 1627006, 1627059, 1627195, 1627431, 1627779, 1627793, 1627826, 1627939, 1628490, 1628529, 1628785, 1629077, 1629432, 1629960, 1630140, 1630191, 1630820, 1631269, 1631801, 1631871, 1632952, 1633175, 1633883, 1634666, 1635138, 1635268, 1636140, 1636574, 1645268]
Drawing r2000-1(50,50)-Alpha4_Cost=1615970_Target=2500.html...
Generation= 5	Best Individual= 1615970.0	Full Cost List:
[1615970, 1616068, 1617961, 1618038, 1618175, 1618222, 1618794, 1620604, 1621255, 1623189, 1623204, 1623782, 1624257, 1624431, 1624781, 1625515, 1625639, 1625718, 1626006, 1626245, 1626360, 1627006, 1627059, 1627195, 1627431, 1627779, 1627793, 1627826, 1627939, 1628490, 1628529, 1628785, 1629077, 1629432, 1629960, 1630140, 1630191, 1630820, 1631269, 1631801, 1631871, 1632952, 1633175, 1633883, 1634666, 1635138, 1635268, 1636140, 1636574, 1645268]
Drawing r2000-1(50,50)-Alpha5_Cost=1615970_Target=2500.html...
Generation= 6	Best Individual= 1615970.0	Full Cost List:
[1615970, 1616068, 1617961, 1618038, 1618175, 1618222, 1618794, 1620604, 1621255, 1623189, 1623204, 1623782, 1624257, 1624431, 1624781, 1625515, 1625639, 1625718, 1626006, 1626245, 1626360, 1627006, 1627059, 1627195, 1627431, 1627779, 1627826, 1627939, 1628490, 1628529, 1628785, 1629077, 1629432, 1629960, 1630140, 1630191, 1630820, 1631269, 1631801, 1631871, 1632952, 1632969, 1633175, 1634666, 1635138, 1635268, 1636140, 1636574, 1637423, 1645268]
Drawing r2000-1(50,50)-Alpha6_Cost=1615970_Target=2500.html...
Generation= 7	Best Individual= 1615970.0	Full Cost List:
[1615970, 1616068, 1617961, 1618038, 1618175, 1618222, 1618794, 1620604, 1621255, 1623189, 1623204, 1623782, 1624257, 1624431, 1624781, 1625515, 1625639, 1625718, 1626006, 1626245, 1626360, 1626745, 1627006, 1627059, 1627195, 1627431, 1627779, 1627826, 1627939, 1628490, 1628529, 1628785, 1629077, 1629432, 1630140, 1630191, 1631269, 1631801, 1631871, 1632556, 1632952, 1632969, 1633175, 1634666, 1635138, 1635268, 1636140, 1636574, 1637423, 1645268]
Drawing r2000-1(50,50)-Alpha7_Cost=1615970_Target=2500.html...
Generation= 8	Best Individual= 1615970.0	Full Cost List:
[1615970, 1616068, 1617961, 1618038, 1618175, 1618222, 1618794, 1620604, 1621255, 1623189, 1623204, 1623782, 1624257, 1624431, 1625515, 1625639, 1625718, 1626006, 1626245, 1626360, 1626745, 1626750, 1627006, 1627059, 1627195, 1627431, 1627779, 1627826, 1627939, 1628529, 1628785, 1629077, 1630140, 1630191, 1631036, 1631097, 1631269, 1631801, 1632181, 1632556, 1632952, 1632969, 1633175, 1634666, 1635138, 1635268, 1636140, 1636574, 1637423, 1645268]
Drawing r2000-1(50,50)-Alpha8_Cost=1615970_Target=2500.html...
Generation= 9	Best Individual= 1615970.0	Full Cost List:
[1615970, 1616068, 1617961, 1618038, 1618175, 1618222, 1618794, 1620604, 1621255, 1623189, 1623204, 1623782, 1624257, 1624431, 1625515, 1625639, 1625718, 1626006, 1626245, 1626360, 1626745, 1626750, 1627006, 1627059, 1627195, 1627431, 1627779, 1627826, 1627939, 1628529, 1628785, 1629077, 1630140, 1630191, 1631036, 1631097, 1631269, 1631801, 1632181, 1632556, 1632952, 1632969, 1633175, 1634666, 1635138, 1635268, 1636140, 1636574, 1637423, 1645268]
Drawing r2000-1(50,50)-Alpha9_Cost=1615970_Target=2500.html...
Generation= 10	Best Individual= 1615970.0	Full Cost List:
[1615970, 1616068, 1617529, 1617961, 1618038, 1618175, 1618222, 1620604, 1621255, 1623189, 1623204, 1623782, 1624257, 1624431, 1625515, 1625639, 1625718, 1626006, 1626245, 1626360, 1626750, 1627006, 1627059, 1627195, 1627431, 1627779, 1627826, 1627939, 1628529, 1628785, 1629077, 1630038, 1630140, 1630191, 1630403, 1631036, 1631097, 1631269, 1632181, 1632399, 1632556, 1632952, 1632969, 1633175, 1635138, 1635268, 1636140, 1636574, 1637423, 1645268]
Drawing r2000-1(50,50)-Alpha10_Cost=1615970_Target=2500.html...
Generation= 11	Best Individual= 1615185.0	Full Cost List:
[1615185, 1615970, 1616068, 1617529, 1617961, 1618038, 1618175, 1618222, 1621255, 1623189, 1623204, 1623782, 1624257, 1624431, 1625515, 1625639, 1625718, 1626006, 1626245, 1626360, 1626750, 1627006, 1627059, 1627195, 1627431, 1627779, 1627826, 1627939, 1628529, 1628785, 1629077, 1630038, 1630140, 1630191, 1630403, 1631036, 1631097, 1632181, 1632399, 1632556, 1632952, 1632969, 1633175, 1633460, 1635138, 1635268, 1636140, 1636574, 1637423, 1645268]
Drawing r2000-1(50,50)-Alpha11_Cost=1615185_Target=2500.html...
Generation= 12	Best Individual= 1615185.0	Full Cost List:
[1615185, 1615970, 1616068, 1617529, 1617961, 1618038, 1618175, 1618222, 1621255, 1623189, 1623204, 1623782, 1624257, 1624431, 1625515, 1625639, 1625718, 1626006, 1626245, 1626360, 1626750, 1627006, 1627059, 1627195, 1627431, 1627779, 1627826, 1627939, 1628529, 1628785, 1629077, 1630038, 1630140, 1630191, 1630403, 1631036, 1631097, 1632181, 1632399, 1632556, 1632969, 1633175, 1633460, 1635138, 1635268, 1636140, 1636574, 1638927, 1639417, 1645268]
Drawing r2000-1(50,50)-Alpha12_Cost=1615185_Target=2500.html...
Generation= 13	Best Individual= 1615185.0	Full Cost List:
[1615185, 1615970, 1616068, 1617529, 1617961, 1618038, 1618175, 1618222, 1621255, 1623189, 1623204, 1623782, 1624257, 1624431, 1625515, 1625639, 1625718, 1626006, 1626245, 1626360, 1626750, 1627006, 1627059, 1627195, 1627431, 1627779, 1627826, 1627939, 1628529, 1628785, 1629077, 1630038, 1630140, 1630403, 1631036, 1631097, 1632399, 1632556, 1632969, 1633175, 1633460, 1633547, 1635138, 1635268, 1635805, 1636140, 1636574, 1638927, 1639417, 1645268]
Drawing r2000-1(50,50)-Alpha13_Cost=1615185_Target=2500.html...
Generation= 14	Best Individual= 1615185.0	Full Cost List:
[1615185, 1615970, 1616068, 1617529, 1617961, 1618038, 1618175, 1618222, 1621255, 1623189, 1623204, 1623782, 1624257, 1624431, 1625515, 1625639, 1625718, 1626006, 1626245, 1626360, 1626750, 1627006, 1627059, 1627195, 1627431, 1627779, 1627826, 1627939, 1628529, 1628785, 1629077, 1630038, 1630140, 1630403, 1631036, 1631097, 1632399, 1632556, 1632969, 1633175, 1633460, 1633547, 1635138, 1635268, 1635805, 1636140, 1636574, 1638927, 1639417, 1645268]
Drawing r2000-1(50,50)-Alpha14_Cost=1615185_Target=2500.html...
Generation= 15	Best Individual= 1615185.0	Full Cost List:
[1615185, 1615970, 1616068, 1617529, 1617961, 1618038, 1618175, 1618222, 1621255, 1623189, 1623204, 1623782, 1624257, 1624431, 1625515, 1625639, 1625718, 1626006, 1626245, 1626360, 1626750, 1627006, 1627059, 1627195, 1627431, 1627779, 1627826, 1627939, 1628529, 1628785, 1629077, 1630038, 1630140, 1630403, 1631036, 1631097, 1632399, 1632556, 1632969, 1633175, 1633460, 1633547, 1635138, 1635268, 1635805, 1636140, 1636574, 1638927, 1639417, 1645268]
Drawing r2000-1(50,50)-Alpha15_Cost=1615185_Target=2500.html...
Generation= 16	Best Individual= 1615185.0	Full Cost List:
[1615185, 1615970, 1616068, 1617529, 1617961, 1618038, 1618175, 1618222, 1621255, 1623189, 1623204, 1623782, 1624257, 1624431, 1625515, 1625639, 1625718, 1626006, 1626245, 1626360, 1626750, 1627006, 1627059, 1627195, 1627431, 1627779, 1627939, 1628529, 1628785, 1629077, 1630038, 1630140, 1630403, 1631097, 1631960, 1632399, 1632556, 1632969, 1633099, 1633175, 1633460, 1633547, 1635138, 1635268, 1635585, 1635805, 1636140, 1638927, 1639417, 1645268]
Drawing r2000-1(50,50)-Alpha16_Cost=1615185_Target=2500.html...
Generation= 17	Best Individual= 1615185.0	Full Cost List:
[1615185, 1615970, 1616068, 1617529, 1617961, 1618038, 1618175, 1618222, 1621255, 1623189, 1623204, 1623782, 1624431, 1625515, 1625639, 1625718, 1626006, 1626245, 1626360, 1626750, 1627006, 1627059, 1627195, 1627197, 1627431, 1627779, 1627939, 1628529, 1628631, 1628785, 1629077, 1630038, 1630403, 1631097, 1631960, 1632399, 1632556, 1632969, 1633099, 1633175, 1633460, 1633547, 1635138, 1635268, 1635585, 1635805, 1636140, 1638927, 1639417, 1645268]
Drawing r2000-1(50,50)-Alpha17_Cost=1615185_Target=2500.html...
Generation= 18	Best Individual= 1615185.0	Full Cost List:
[1615185, 1615970, 1616068, 1617529, 1617961, 1618038, 1618175, 1618222, 1621255, 1623189, 1623204, 1623782, 1624431, 1625515, 1625639, 1625718, 1626006, 1626245, 1626360, 1626750, 1627059, 1627195, 1627197, 1627431, 1627779, 1627939, 1628529, 1628631, 1628785, 1629077, 1630038, 1630403, 1631097, 1631960, 1632399, 1632556, 1632969, 1633099, 1633175, 1633460, 1633547, 1633726, 1635138, 1635268, 1635585, 1635805, 1636140, 1638927, 1639417, 1645268]
Drawing r2000-1(50,50)-Alpha18_Cost=1615185_Target=2500.html...
Generation= 19	Best Individual= 1615185.0	Full Cost List:
[1615185, 1615970, 1616068, 1617529, 1617961, 1618038, 1618175, 1618222, 1621255, 1623189, 1623204, 1623782, 1624431, 1625515, 1625639, 1625718, 1626006, 1626245, 1626360, 1626750, 1627059, 1627195, 1627197, 1627431, 1627779, 1627939, 1628529, 1628631, 1628785, 1629077, 1630038, 1630403, 1631097, 1631960, 1632399, 1632556, 1632969, 1633099, 1633175, 1633460, 1633547, 1633726, 1635138, 1635268, 1635585, 1635805, 1636140, 1638927, 1639417, 1645268]
Drawing r2000-1(50,50)-Alpha19_Cost=1615185_Target=2500.html...
Generation= 20	Best Individual= 1615185.0	Full Cost List:
[1615185, 1615970, 1616068, 1617529, 1617961, 1618038, 1618175, 1618222, 1621255, 1623189, 1623204, 1623782, 1624431, 1625515, 1625639, 1625718, 1626006, 1626245, 1626360, 1626750, 1627059, 1627195, 1627197, 1627431, 1627779, 1627939, 1628529, 1628631, 1628785, 1629077, 1630038, 1630403, 1631097, 1631765, 1631960, 1632399, 1632969, 1633099, 1633175, 1633460, 1633547, 1633726, 1635138, 1635268, 1635585, 1635805, 1636140, 1638927, 1639417, 1645268]
Drawing r2000-1(50,50)-Alpha20_Cost=1615185_Target=2500.html...
Generation= 21	Best Individual= 1615185.0	Full Cost List:
[1615185, 1615970, 1616068, 1617529, 1617961, 1618038, 1618175, 1618222, 1621255, 1623189, 1623204, 1623782, 1624431, 1625515, 1625639, 1625718, 1626006, 1626360, 1626750, 1627059, 1627195, 1627197, 1627431, 1627779, 1627939, 1628529, 1628631, 1628785, 1629077, 1630038, 1630403, 1631097, 1631751, 1631765, 1631960, 1632399, 1632969, 1633099, 1633175, 1633460, 1633547, 1633726, 1635138, 1635268, 1635585, 1635805, 1636140, 1638927, 1639417, 1645268]
Drawing r2000-1(50,50)-Alpha21_Cost=1615185_Target=2500.html...
Generation= 22	Best Individual= 1615185.0	Full Cost List:
[1615185, 1615970, 1616068, 1617529, 1617961, 1618038, 1618175, 1618222, 1621255, 1623189, 1623204, 1623782, 1624431, 1625515, 1625639, 1625718, 1626006, 1626360, 1626750, 1627059, 1627195, 1627197, 1627431, 1627779, 1627939, 1628529, 1628631, 1628785, 1629077, 1630038, 1630403, 1631097, 1631751, 1631765, 1631960, 1632399, 1632969, 1633099, 1633175, 1633460, 1633547, 1633726, 1635138, 1635268, 1635585, 1635805, 1636140, 1638927, 1639417, 1645268]
Drawing r2000-1(50,50)-Alpha22_Cost=1615185_Target=2500.html...
Generation= 23	Best Individual= 1615185.0	Full Cost List:
[1615185, 1615970, 1616068, 1617529, 1617961, 1618038, 1618175, 1618222, 1621255, 1623204, 1623782, 1624431, 1625515, 1625639, 1625718, 1626006, 1626360, 1626750, 1627059, 1627195, 1627197, 1627431, 1627779, 1627939, 1628529, 1628631, 1628785, 1629077, 1630038, 1630403, 1630727, 1631097, 1631751, 1631765, 1631960, 1632399, 1632969, 1633099, 1633175, 1633460, 1633547, 1633726, 1635138, 1635268, 1635585, 1635805, 1636140, 1638927, 1639417, 1645268]
Drawing r2000-1(50,50)-Alpha23_Cost=1615185_Target=2500.html...
Generation= 24	Best Individual= 1615185.0	Full Cost List:
[1615185, 1615970, 1616068, 1617529, 1617961, 1618038, 1618175, 1618222, 1621255, 1623204, 1623782, 1624431, 1625515, 1625639, 1625718, 1626006, 1626360, 1626750, 1627059, 1627195, 1627197, 1627431, 1627779, 1627939, 1628529, 1628785, 1629077, 1630038, 1630403, 1630727, 1631097, 1631751, 1631765, 1631960, 1632399, 1632969, 1633099, 1633175, 1633460, 1633547, 1633726, 1633943, 1635138, 1635268, 1635585, 1635805, 1636140, 1639417, 1639531, 1645268]
Drawing r2000-1(50,50)-Alpha24_Cost=1615185_Target=2500.html...
Generation= 25	Best Individual= 1615185.0	Full Cost List:
[1615185, 1615970, 1616068, 1617529, 1617961, 1618038, 1618175, 1619081, 1621255, 1623204, 1623782, 1624431, 1625515, 1625639, 1625718, 1626006, 1626360, 1626750, 1627059, 1627195, 1627197, 1627431, 1627779, 1627939, 1628529, 1628785, 1629077, 1630038, 1630403, 1630727, 1631097, 1631751, 1631765, 1631960, 1632399, 1632969, 1633099, 1633175, 1633460, 1633547, 1633726, 1633943, 1635138, 1635268, 1635585, 1635805, 1636140, 1639417, 1639531, 1645268]
Drawing r2000-1(50,50)-Alpha25_Cost=1615185_Target=2500.html...
Generation= 26	Best Individual= 1615185.0	Full Cost List:
[1615185, 1615970, 1616068, 1617529, 1617961, 1618038, 1618175, 1619081, 1621255, 1623204, 1623782, 1624431, 1625515, 1625639, 1625718, 1626006, 1626360, 1626750, 1627059, 1627195, 1627197, 1627431, 1627779, 1627939, 1628785, 1629077, 1630038, 1630403, 1630727, 1631097, 1631751, 1631765, 1631960, 1632399, 1632969, 1633087, 1633099, 1633175, 1633460, 1633547, 1633726, 1633943, 1635138, 1635268, 1635585, 1635805, 1636140, 1638646, 1639417, 1639531]
Drawing r2000-1(50,50)-Alpha26_Cost=1615185_Target=2500.html...
Generation= 27	Best Individual= 1615185.0	Full Cost List:
[1615185, 1615970, 1616068, 1617529, 1617961, 1618038, 1618175, 1619081, 1621255, 1623204, 1623782, 1624431, 1625515, 1625639, 1625718, 1626006, 1626360, 1626750, 1627059, 1627195, 1627197, 1627431, 1627779, 1627939, 1628785, 1629077, 1630038, 1630403, 1630727, 1631097, 1631751, 1631765, 1631960, 1632399, 1632969, 1633087, 1633099, 1633175, 1633460, 1633547, 1633726, 1633943, 1635268, 1635585, 1635805, 1636140, 1636330, 1638646, 1639417, 1639531]
Drawing r2000-1(50,50)-Alpha27_Cost=1615185_Target=2500.html...
Generation= 28	Best Individual= 1615185.0	Full Cost List:
[1615185, 1615970, 1616068, 1617529, 1617961, 1618038, 1618175, 1619081, 1621255, 1623204, 1623782, 1624431, 1625515, 1625639, 1625718, 1626006, 1626360, 1626750, 1627059, 1627195, 1627197, 1627431, 1627779, 1627939, 1628785, 1629077, 1630038, 1630403, 1630727, 1631751, 1631765, 1631960, 1632399, 1632969, 1633087, 1633099, 1633175, 1633460, 1633547, 1633726, 1633925, 1633943, 1634976, 1635268, 1635585, 1635805, 1636140, 1638646, 1639417, 1639531]
Drawing r2000-1(50,50)-Alpha28_Cost=1615185_Target=2500.html...
Generation= 29	Best Individual= 1615185.0	Full Cost List:
[1615185, 1615970, 1616068, 1617529, 1617961, 1618038, 1618175, 1619081, 1621255, 1623204, 1623782, 1624431, 1625515, 1625639, 1625718, 1626006, 1626360, 1626750, 1627059, 1627195, 1627197, 1627431, 1627779, 1627939, 1628785, 1629077, 1630038, 1630403, 1630727, 1631751, 1631765, 1631960, 1632399, 1632969, 1633087, 1633099, 1633175, 1633460, 1633547, 1633726, 1633925, 1633943, 1634976, 1635268, 1635585, 1635805, 1636140, 1638646, 1639417, 1639531]
Drawing r2000-1(50,50)-Alpha29_Cost=1615185_Target=2500.html...
End GA/Start MILP Time = 23:35:23

Attempting to solve model...
Solver execution complete...

Model: FCFN-MILP-ExactSolver
 - number of variables: 76150
   - binary=38025, integer=0, continuous=38125
 - number of constraints: 40126
   - linear=40126
 - parameters: defaults
 - objective: minimize
 - problem type is: MILP
status  = integer optimal solution
time    = 1.157 s.
problem = MILP
gap     = 0%

Solved by= cplex_local

objective: 1564183.000
  s_17=500.000
  s_24=500.000
  s_29=500.000
  s_30=500.000
  s_35=500.000
  t_17=500.000
  t_21=500.000
  t_28=500.000
  t_32=500.000
  t_46=500.000
  y_185=1
  y_756=1
  y_865=1
  y_1336=1
  y_1632=1
  y_2084=1
  y_2527=1
  y_3421=1
  y_4044=1
  y_4132=1
  y_4456=1
  y_4594=1
  y_5498=1
  y_5625=1
  y_5840=1
  y_6894=1
  y_7173=1
  y_7180=1
  y_7185=1
  y_7187=1
  y_7188=1
  y_7560=1
  y_7867=1
  y_7886=1
  y_8452=1
  y_9358=1
  y_9387=1
  y_9580=1
  y_10204=1
  y_10909=1
  y_11032=1
  y_12389=1
  y_12487=1
  y_12812=1
  y_12928=1
  y_13480=1
  y_13510=1
  y_13646=1
  y_13647=1
  y_13657=1
  y_13659=1
  y_13661=1
  y_13939=1
  y_14362=1
  y_14749=1
  y_14763=1
  y_16774=1
  y_16968=1
  y_17112=1
  y_17797=1
  y_18121=1
  y_18865=1
  y_20031=1
  y_20266=1
  y_22045=1
  y_22161=1
  y_22291=1
  y_22646=1
  y_22676=1
  y_22950=1
  y_23043=1
  y_23258=1
  y_23436=1
  y_23445=1
  y_23451=1
  y_23454=1
  y_23462=1
  y_23747=1
  y_24288=1
  y_24378=1
  y_24939=1
  y_25047=1
  y_25294=1
  y_25341=1
  y_25421=1
  y_25488=1
  y_26474=1
  y_26804=1
  y_26902=1
  y_27131=1
  y_27243=1
  y_27316=1
  y_28145=1
  y_28165=1
  y_29784=1
  y_30016=1
  y_30362=1
  y_31365=1
  y_31366=1
  y_31367=1
  y_31369=1
  y_31373=1
  y_31621=1
  y_31659=1
  y_32695=1
  y_32871=1
  y_33066=1
  y_33159=1
  y_33397=1
  y_33464=1
  y_33465=1
  y_33466=1
  y_33467=1
  y_33471=1
  y_33554=1
  y_34032=1
  y_34331=1
  y_35405=1
  y_35728=1
  y_35865=1
  y_36616=1
  y_36988=1
  y_37788=1
  y_37922=1
  y_38022=1
  e_185=100.000
  e_756=100.000
  e_865=100.000
  e_1336=100.000
  e_1632=100.000
  e_2084=100.000
  e_2527=100.000
  e_3421=100.000
  e_4044=100.000
  e_4132=100.000
  e_4456=100.000
  e_4594=100.000
  e_5498=100.000
  e_5625=100.000
  e_5840=100.000
  e_6894=100.000
  e_7173=100.000
  e_7180=100.000
  e_7185=100.000
  e_7187=100.000
  e_7188=100.000
  e_7560=100.000
  e_7867=100.000
  e_7886=100.000
  e_8452=100.000
  e_9358=100.000
  e_9387=100.000
  e_9580=100.000
  e_10204=100.000
  e_10909=100.000
  e_11032=100.000
  e_12389=100.000
  e_12487=100.000
  e_12812=100.000
  e_12928=100.000
  e_13480=100.000
  e_13510=100.000
  e_13646=100.000
  e_13647=100.000
  e_13657=100.000
  e_13659=100.000
  e_13661=100.000
  e_13939=100.000
  e_14362=100.000
  e_14749=100.000
  e_14763=100.000
  e_16774=100.000
  e_16968=100.000
  e_17112=100.000
  e_17797=100.000
  e_18121=100.000
  e_18865=100.000
  e_20031=100.000
  e_20266=100.000
  e_22045=100.000
  e_22161=100.000
  e_22291=100.000
  e_22646=100.000
  e_22676=100.000
  e_22950=100.000
  e_23043=100.000
  e_23258=100.000
  e_23436=100.000
  e_23445=100.000
  e_23451=100.000
  e_23454=100.000
  e_23462=100.000
  e_23747=100.000
  e_24288=100.000
  e_24378=100.000
  e_24939=100.000
  e_25047=100.000
  e_25294=100.000
  e_25341=100.000
  e_25421=100.000
  e_25488=100.000
  e_26474=100.000
  e_26804=100.000
  e_26902=100.000
  e_27131=100.000
  e_27243=100.000
  e_27316=100.000
  e_28145=100.000
  e_28165=100.000
  e_29784=100.000
  e_30016=100.000
  e_30362=100.000
  e_31365=100.000
  e_31366=100.000
  e_31367=100.000
  e_31369=100.000
  e_31373=100.000
  e_31621=100.000
  e_31659=100.000
  e_32695=100.000
  e_32871=100.000
  e_33066=100.000
  e_33159=100.000
  e_33397=100.000
  e_33464=100.000
  e_33465=100.000
  e_33466=100.000
  e_33467=100.000
  e_33471=100.000
  e_33554=100.000
  e_34032=100.000
  e_34331=100.000
  e_35405=100.000
  e_35728=100.000
  e_35865=100.000
  e_36616=100.000
  e_36988=100.000
  e_37788=100.000
  e_37922=100.000
  e_38022=100.000
Total Cost: 1564183.0
Total Flow: 1225
Drawing r2000-1(50,50)_Cost=1564183_Target=2500.html...
Finish Time = 23:36:30

Process finished with exit code 0